688128
425986
32775
65545
327696
229393
294935
393239
327713
426018
491559
819243
688183
393273
688191
786498
163914
131147
360528
557145
884845
721011
119
122
65660
393343
491650
132
141
721039
327825
819349
153
458911
360610
786603
557231
524464
458931
360628
622780
262339
262343
590023
196813
360654
32978
65747
786643
32987
32988
458983
786665
164075
458993
884977
243
557304
524537
524538
786689
262403
459012
262411
426252
655628
164114
491796
33050
98586
33052
721182
131361
753955
360744
327976
33068
590125
164148
557368
295225
164155
65853
65855
590152
786761
721240
33119
295288
33154
65923
360838
459149
98707
262547
98711
655770
65950
852387
33192
229800
688552
852400
33212
754110
33217
65994
688590
131557
295422
557579
786963
655894
98842
459293
66084
33323
754219
426542
590385
295480
33349
361035
557651
262741
361045
328284
655970
754277
492156
754300
754302
33410
557699
230022
33428
664
426652
197277
295581
230050
557733
524966
66221
66224
688824
787129
33471
164545
426693
33483
230094
754383
361175
33499
623325
295647
754401
656098
131818
688877
787182
721656
361214
393986
295685
262925
525070
754451
33556
33566
295711
557856
754464
852771
66346
721707
459564
66350
852785
656179
754498
66372
295753
856
361306
361307
688987
66411
33651
590709
885621
492407
263033
328579
787331
361356
721804
917
328597
623515
66460
623518
263073
787362
852901
132007
295848
99244
721842
459700
590782
295880
132044
525260
361428
787421
230367
132064
33761
525287
33769
328682
492525
426992
459777
295946
623638
33819
558107
394270
164898
99364
230442
853036
132148
853045
66626
164930
623684
263239
296017
99434
263275
33906
197747
33911
33914
459901
33919
787583
754826
1173
525461
165018
427166
885923
1190
296116
1207
33976
99523
197828
361679
558287
787665
132312
787672
558303
754912
34041
34042
34043
296185
787712
296198
361740
427284
558362
34083
132389
623911
754985
492845
132398
1329
34097
558387
623924
623927
361790
492877
230736
165202
230739
66901
623960
525663
394592
165224
296299
427372
1391
66927
66929
34164
787828
656764
689544
722312
427407
1428
361877
427413
591255
66968
165273
34203
755107
624037
329128
361902
394674
34229
296393
787919
853469
591331
361956
34277
820707
132586
34285
132591
427508
394742
198146
165391
525840
853519
67093
656918
132638
722463
34336
67105
460322
427558
34348
558642
689715
722485
362039
296505
34365
67133
394816
34376
329290
230989
493133
394834
591442
263765
1627
296543
558694
525926
755311
1652
788087
132728
886402
34441
67226
34464
34465
34468
34469
427688
591534
67248
34484
67269
132806
100040
231114
722634
329422
100049
132824
493273
329442
657122
460516
722662
788201
198380
34544
67314
34551
591607
1785
34556
329473
788233
591635
296724
460569
165664
460580
689957
1830
395046
853796
821033
886566
1838
1847
755512
722744
591674
821050
165693
362316
526158
362321
526167
427864
34653
591709
362335
526180
853867
722797
788334
165743
296817
558963
198516
395147
395149
624526
231319
264087
395160
100252
34721
755619
329637
34728
1961
165817
329657
690105
624572
657341
722873
755651
624586
264147
362451
821205
690136
362460
755676
624607
67554
264163
67565
395252
296952
526328
657401
559097
100348
34814
362500
34824
395278
428052
690206
395298
559140
34853
198700
2093
2103
34874
559171
559181
2127
2128
34896
723024
165973
723031
788569
657498
2140
100444
100445
395359
460901
165991
2152
264299
428142
166000
591987
2164
624763
2178
657543
2184
34953
133260
559248
198802
166038
297110
2201
133278
198820
34984
297140
35022
35023
231640
35036
329949
362718
67807
887008
395496
526574
624879
329969
723193
690430
493830
231691
35085
723219
100628
330009
854299
67868
35104
526626
2339
526627
166185
67884
231734
67895
133439
133440
198978
624963
133445
100682
592205
592207
35152
330074
624995
756067
723306
395642
559483
690556
461184
559489
788865
592259
395657
35211
428432
35219
625045
35224
625048
2459
756123
35233
231842
330147
559525
526760
788905
690608
2490
35258
330175
166337
297409
35273
657870
395739
100836
330216
854508
362989
461298
362996
723446
526839
592381
690687
559622
559633
494097
363033
100892
559644
68129
297507
166435
2597
559651
821798
363052
35375
2619
363067
133693
199229
723518
2626
100931
395846
199244
2639
723541
297558
395862
658008
2657
166500
592485
789095
690792
232051
264819
232052
690803
592509
100997
723592
133771
592526
494225
625302
625311
199335
723626
297645
166583
723641
166596
461509
559814
199371
494284
35546
821981
35551
297698
527082
559860
723701
166649
133884
101123
822032
264977
723730
625429
690966
199452
658209
690977
756517
35622
494375
2857
35629
396077
68399
756533
559928
854840
330566
232273
396118
494430
232290
559978
723819
199535
134008
461689
494460
789374
297856
592768
68500
232342
330647
691103
101282
330671
461744
560047
35763
297909
396221
35773
101317
297933
756685
396242
3030
35803
363504
297969
658433
232451
625669
134151
461832
68617
494606
691220
35861
691223
789528
789529
691226
691227
560165
35878
199719
625702
691239
789544
855083
855087
396339
232505
756794
363579
429116
35906
330822
35911
527431
232518
134220
461903
3153
396370
35942
35948
68717
232558
494710
822391
461945
3198
68736
724098
330887
593032
461966
3221
35992
724120
298138
298139
625822
429220
167077
429222
494768
167091
3254
265409
560330
396495
3284
3285
625881
724192
396516
36077
101616
36097
429316
298245
527621
560389
462096
331025
68891
36137
527661
855344
68916
167225
331066
199998
789822
789823
625986
331082
494922
822603
167251
167252
3417
691546
363873
429411
36198
363882
331116
560498
331123
429435
429436
789885
101766
494983
232842
331150
724366
626065
789905
757146
429469
789920
134561
789927
822696
36272
69041
36274
331190
462267
396745
69076
36319
232935
200169
36333
200176
3575
36346
200187
691711
134656
658952
658959
69137
790041
36382
790050
396839
790060
462386
36409
593466
659007
101953
233039
593496
757350
3688
822892
134767
3697
724594
102005
855677
265859
626322
659093
757410
233123
528037
134828
528048
888498
495283
167604
200374
102071
36541
724673
396994
888513
69328
167632
593620
822997
855765
36569
528089
724704
69347
298724
495332
495334
626406
593642
331499
69361
36595
69369
364282
757498
3847
790286
298770
3861
3862
724759
102171
3873
3875
560933
560936
790312
3892
200501
429882
167740
855906
692068
364395
724844
364401
364403
3959
692091
659328
3971
102282
462730
724883
102293
167834
167836
298913
724899
757681
36790
135094
430008
331732
266199
593883
102366
36832
102371
823272
561131
4080
36849
790512
298996
102393
36858
331778
4106
102412
364556
135182
4115
4116
36884
757784
135198
364574
462878
364578
4131
462888
626728
36907
331821
462896
69681
757813
4155
430141
593985
397378
4171
659531
856144
823380
331872
725103
36988
594055
37004
69779
594067
69781
37014
102550
397474
725159
364712
37033
725171
4276
757945
37052
37054
135358
823487
37065
594121
790734
4305
692433
4316
37090
102629
135401
725234
200948
594170
495866
430339
4357
168201
37136
594207
659749
823589
4392
692522
725292
332082
4404
594230
168253
659776
4428
692559
37202
758101
4442
37222
69992
823657
692587
528754
37235
758130
37242
364922
37244
37245
364936
364938
299403
725387
627085
659854
102803
233875
4503
397719
37275
758172
70046
332194
627110
70057
37292
135596
790963
725428
201141
528821
528824
37305
168380
299454
37313
790979
4548
397764
496072
4558
758227
37333
70102
70104
102872
791006
496096
365024
70115
856548
4581
692711
561640
725480
4591
430576
528883
4597
4598
430582
332280
4601
397819
365053
430590
594429
102913
463361
4617
4622
561679
4633
561693
4638
430622
4651
37422
234030
496176
496174
627253
332345
4674
758344
4685
758349
4688
397905
37461
528981
463454
135778
430693
37479
365163
725613
70257
463479
299643
168576
4738
627338
660109
332436
627354
660130
397990
529064
4781
4782
37563
660156
365247
135876
332485
4806
168662
4823
4824
37592
332515
4845
37615
332532
37627
37638
365319
725769
365323
103182
37647
660238
4886
299804
299805
201502
594717
660258
660269
529212
824125
594751
824132
70469
37705
37709
332623
594772
463701
430934
725851
725852
398176
856930
430959
103281
725875
136065
430981
5010
5020
431010
496549
594861
103342
37814
70589
594884
103372
37838
136144
234455
627671
693215
365539
365540
431082
37873
562169
463866
332800
300034
496656
594960
726032
5139
365591
37914
37915
431135
660512
463905
37932
136241
529461
5177
37945
103482
791610
300093
169041
332887
70744
37980
37988
37994
332907
791667
431220
5239
365689
562299
38013
5253
5254
267403
758923
136333
529551
431248
234646
103575
332952
660630
5275
300195
103588
5285
5298
5303
693432
38074
660672
496843
333015
333019
595163
726236
5357
38130
791805
365826
38157
660752
5394
759061
398614
300312
5408
234785
300330
300334
5426
202036
5433
5434
529724
890174
529729
5445
333139
333140
300371
529749
38235
5468
300384
496995
857452
529789
38271
759174
759178
365963
5519
529815
857507
234919
562600
38316
5551
660914
267699
628149
103862
136632
5561
595389
300480
38337
5571
660933
103879
103887
693727
398819
366058
759281
366070
234999
267767
693750
366079
235008
431625
202252
464398
792085
103958
38426
71200
595496
38445
38459
235068
300612
5703
38472
300616
398921
529991
5708
431697
300626
38484
235093
431708
5731
464485
38506
235120
431733
464507
595580
824959
5774
366224
628368
530067
824981
169622
530071
136862
38565
38566
202414
5807
136878
792241
169650
693946
300733
5823
38592
595651
136902
300748
5838
104149
399061
104151
726747
235229
104158
759524
333543
726765
5875
399096
530173
857857
464644
136969
694026
5909
399126
694047
759592
38697
399151
792367
431924
300858
5947
890682
38720
38722
464706
104260
5958
366406
497482
497483
595796
661333
890719
202595
431971
366440
431983
38771
595827
71542
169848
497536
71561
169866
6028
6030
595854
497552
169874
6037
661398
71576
792487
694185
497583
628657
6066
202677
694200
595899
38846
169921
301000
301001
661455
890832
38867
104405
38872
399328
661483
137196
38894
6133
792572
399358
333823
530432
6150
71687
727049
399372
530445
301072
71697
38929
6172
628765
694300
792606
825377
6180
38950
71720
399404
6189
38959
596015
366643
38966
366647
71738
727098
825409
38984
661578
235599
301138
268377
6235
727142
39017
497769
596079
694385
366706
661621
39031
39032
71801
137338
333947
6269
694402
39043
399491
465035
6285
333965
39056
759957
137377
432290
825507
170148
366760
104621
71856
137394
432314
301246
6339
71875
366802
301268
563413
399575
366807
268509
628968
39153
792819
6403
203021
530704
497942
104727
694550
39194
366884
39205
727333
760100
137513
104746
39217
71990
465206
235836
6472
858442
366928
39249
301394
104784
661844
301400
6490
104801
432490
39275
6509
399727
72051
203138
530818
792964
465300
268693
104854
39325
661919
825760
432550
104877
661933
6581
6585
72121
39356
727484
6593
137665
399810
6596
793027
6598
39368
891338
891339
432589
793041
891348
629217
891366
268783
6644
39412
301561
39423
39428
596487
793104
6676
39444
793108
72217
104986
6687
530986
203309
6704
268851
563763
6719
6721
39490
760403
760407
39520
596580
662120
6763
170604
334447
39537
105081
334466
334469
301703
39561
563850
825993
334476
170650
39580
6813
727714
39600
432822
170680
694970
6848
6853
400069
39640
596704
695009
301802
6892
137967
137973
6905
826106
6909
39678
236292
695053
105244
105245
6950
6952
269103
203567
39732
760628
39735
858938
105289
105296
400208
72531
6997
793438
596832
596833
727908
433002
236396
858988
367471
39797
760694
727928
662395
39804
727932
334725
433030
39816
39817
7053
859025
39828
301973
39838
170913
7076
7077
596902
629668
7084
400300
596910
334769
7094
7104
564165
7111
39889
72658
203734
433114
138210
531426
302054
433128
7151
302063
793588
7158
760827
695292
138238
662526
203787
400396
728075
39950
367631
39953
695316
7190
760860
7202
39971
72740
7205
72743
728110
39990
7224
7226
72767
7238
629830
138321
334933
40023
138330
7260
531553
302183
7272
236649
531561
564329
72812
40047
7280
7284
597111
40056
40060
105596
793724
72834
564354
466053
40071
7305
7306
334985
7310
203920
334992
433298
662675
7316
236697
7323
72864
138420
7349
105656
466104
269499
7359
7373
761041
7379
7380
400597
728276
7385
7386
302303
728291
826599
40168
859370
40171
138480
761072
204020
367869
630014
7428
302343
400652
7440
7447
40218
367899
236837
531751
40233
335145
761140
564534
138554
564539
40262
793931
466254
695632
40273
728405
630109
433506
302447
171388
695676
204159
105857
40322
40327
7569
40344
40348
171421
761244
40368
7607
368060
695743
368064
40386
7619
73155
269765
302535
531911
630223
7634
302549
859608
400859
40414
73185
531938
40425
7662
7668
7671
40440
630264
499204
7686
7691
531984
237077
106010
204319
40480
73256
302638
73267
40500
630325
433723
368187
695867
859718
335431
7752
40521
40523
302672
761424
7766
7778
663138
597604
40553
630378
204399
40560
826992
7794
597619
73333
466550
7799
630407
302731
204428
532110
335503
532111
269969
695957
171676
302756
204453
7849
73390
335534
7865
401085
761533
532165
564937
171723
7885
237261
302799
663255
7897
40669
40671
73444
106212
696037
73451
761593
7930
7932
761598
696064
73474
7940
73478
663309
7951
827156
696085
499478
499482
499488
827168
139045
597797
171815
40749
335665
466737
794419
728885
302913
8004
466758
106318
597840
368466
106328
630620
335711
8033
8034
532325
73576
532334
696175
761718
106359
40826
8061
8066
139141
630663
8078
565136
827286
106398
401324
303023
237490
204723
40885
8118
466872
8126
106443
237515
761804
794585
40923
40924
729058
8163
40931
565219
729059
172013
335864
8185
729089
106499
8204
8208
40976
663572
303129
761883
761889
8226
630818
172072
8234
532522
860219
73789
532545
729156
532550
270407
532552
532555
8268
237645
8270
761932
8273
303189
41048
8284
41053
729191
368745
630897
303219
401523
565367
270457
204925
172157
172159
41092
303236
41096
761999
8338
139415
663704
434334
41121
41134
565432
598203
729279
41157
106693
663751
237768
8393
827594
368845
303319
434391
729305
303324
434397
205022
336099
8436
368884
73976
8442
8446
172292
139525
172293
499976
172300
467220
467222
8473
41242
696602
41244
303390
237854
696607
762144
8487
205095
8492
8493
336173
8499
205107
565555
663863
8511
41282
860483
41285
8518
74053
8523
598357
8534
368985
532827
827743
8545
8551
8555
336241
41336
762232
795000
795001
401790
336263
467337
8593
237977
139677
369058
41379
500133
762282
237995
369068
434611
762301
8641
762307
8651
401869
41430
336345
401903
729588
205309
467458
172546
41482
860683
762380
74255
8727
107038
336414
74274
664099
762407
533037
8754
74301
74313
8789
336471
41568
762466
762467
8809
729705
8821
500341
762489
8830
41603
664196
270987
303757
41616
172688
303762
500371
598677
270999
8859
434845
303778
8870
533158
631466
41644
41652
8906
369354
107216
41686
8923
41693
107232
8930
8931
369380
303845
664307
41716
303867
664315
697087
8963
336644
8965
762635
8974
697102
8979
41751
238360
8987
41757
402206
8995
41764
860963
795432
9002
41770
41777
467761
41781
271159
9019
9029
631624
533324
41807
9040
140115
205654
74586
467803
205660
41823
664417
172900
402278
336743
9064
172907
74606
107377
41842
9077
74617
598905
41860
664462
41874
9107
9108
304022
107420
336802
41893
74664
205739
74671
9137
41905
533428
336822
664507
74687
762823
664522
41933
107475
762836
369623
9177
795610
336863
271339
9197
697327
74738
500722
41974
173051
762883
9220
500743
41992
140301
369678
533518
336921
795690
500779
107565
664636
42051
42061
238669
500816
402513
435284
140379
730205
42084
664679
861289
42092
664684
271481
500858
763002
42110
107647
566406
500870
631944
42123
697485
828563
828564
599195
861339
566434
9389
533678
730288
173234
533683
9396
664758
9400
533689
730303
566465
9416
533707
533712
664784
763094
763099
9440
107747
42212
9445
173288
599272
763116
140526
42225
107763
730355
107766
173302
402680
42234
206079
730367
42242
42247
566537
9482
501001
9487
9489
107800
9502
337188
632102
402741
632128
9538
632130
42308
42311
9554
238930
828757
9561
566624
140641
42338
337250
173422
9586
42356
42357
697726
9601
9608
9609
337298
140691
402837
9638
337318
9641
42413
9658
468418
42438
402887
763337
107979
9683
304606
9695
9697
665057
9706
337387
337390
42480
566773
206335
828931
599556
9738
828940
9747
861719
42527
304672
730660
632358
697895
173614
402995
9782
599613
796230
42567
239179
599627
42575
173650
665175
566875
337500
534109
665179
9823
534107
9825
534115
534116
697961
9835
337527
9848
9850
861819
403073
468614
665232
599699
665235
239262
370340
730792
108204
42669
796338
730808
632505
9917
42695
829145
239330
763619
9959
9960
304871
42731
75509
304888
42749
239359
239360
42753
108296
534280
9995
9997
239374
632589
10006
763672
763674
796450
370467
337700
698151
304940
10033
796468
10044
42817
10053
10056
304976
403282
304979
42837
370528
239459
42854
567148
42861
370545
10098
763769
567163
10112
796544
763777
534404
796553
42890
108426
10128
206737
42909
206750
10143
42921
370603
763819
501677
370605
108470
10173
698304
42946
698308
75717
10186
862156
272333
42959
10192
436177
829400
10201
665562
239584
403427
829413
829414
108529
42997
370677
43003
43005
43013
43015
75785
141329
43027
567324
43037
567325
632870
206887
403501
10293
829511
10314
43095
108633
206939
43107
141419
10351
10353
567410
403575
436344
239741
403581
731261
10368
829569
370819
10390
174231
632984
403609
403612
10397
43166
469148
698525
501920
43170
764067
108708
10406
10409
403625
239787
272555
469164
10417
239801
141505
10435
43204
207045
829646
600276
305371
10460
43229
731356
43236
305381
501992
600297
600303
43248
534780
534788
370956
43277
534800
108820
141592
534813
141605
272679
436523
10539
403759
10544
239922
43321
10555
731457
43330
10568
141646
174417
862547
141664
371045
403814
141672
731497
43374
403822
698737
338293
43392
469377
10627
436611
272785
43415
240028
338333
43422
10655
502184
10665
371118
10675
403894
371128
403897
469434
141757
207295
76224
43466
43472
403924
43479
10714
109024
764386
10723
469475
535013
10728
338414
469488
403953
797169
43508
43509
829940
43513
43516
43524
10770
10776
43552
240160
10787
436773
698922
404014
109105
43572
43581
436799
43584
305737
76366
207441
76372
10842
830051
207462
240234
76396
338542
371315
862835
10871
10872
666235
10879
240256
109185
141956
10889
10891
10906
43674
43686
305836
10933
764602
207561
240329
43728
797393
371419
10974
10977
10978
436968
76523
43758
436978
731892
11000
731899
666366
142081
764683
305938
469782
43801
11034
731933
240415
797473
11045
437030
568110
11056
600881
11062
404283
109373
437055
502592
404289
11076
240459
76623
43862
43864
109401
11098
11100
633693
666467
273253
437097
306028
371569
11122
764785
142196
76662
174968
437113
502648
11135
469891
76678
568198
404360
11147
11148
11153
11160
11167
76709
732077
11182
43960
568248
175036
207806
732101
666566
273355
11219
142300
43999
11233
240620
830444
470000
568305
109554
306164
863227
11264
44035
44042
76810
535569
11282
76830
437279
699427
11301
568363
175150
601135
11318
11322
11331
830537
11341
76882
797779
11354
240733
44129
11375
11380
11381
11383
11384
240761
11397
568455
175241
502928
76947
44180
11422
11423
175262
437407
11426
666783
404649
404658
11443
109751
371895
44222
732350
830666
11478
830683
208095
273633
732390
863472
765169
11513
44282
208123
11521
44305
11538
11543
240919
634140
240926
797982
634147
208165
11558
437544
273711
11568
798007
11577
44346
44347
11580
11581
634179
601417
601419
142668
109900
11598
503130
699745
11620
503141
699749
339306
372075
404844
568692
208245
634231
44416
470405
11654
339335
667020
142735
44435
11674
44443
765338
306591
11680
11681
667043
241064
503213
404910
372144
273843
437683
11702
273849
699833
11708
535998
339394
863687
339400
568786
667097
11742
11743
44518
44519
372200
44527
11761
830964
11773
11781
44550
830986
765451
568845
11792
437797
110126
798261
831030
175671
831032
405053
568893
142915
339529
699977
44625
568914
44628
142937
306782
634463
798302
11873
863840
765548
175725
274035
11894
503416
700024
765565
44674
11911
110220
667290
536219
339615
11945
11947
11951
405167
11954
44728
11965
503486
274111
765635
11974
44743
143050
437975
667352
44761
11997
77534
110305
732901
12011
44779
798443
601840
12026
798459
339708
12030
503553
12034
12035
12036
831236
44807
569096
601865
831242
110357
372505
601883
372510
306975
12065
798497
667433
798509
732980
44854
143159
241464
77628
667454
241474
732994
765778
12116
12119
307034
12127
208736
44898
241508
307046
44903
765801
143216
241526
208765
405382
44935
274321
372625
438162
12181
831385
12186
274333
12190
12191
12192
274337
44964
143269
44967
12200
765863
307116
143281
12215
12219
470971
12221
470977
339907
12231
110547
110549
798677
45016
307163
700384
405474
339939
45028
12263
569320
143340
569335
634876
12292
700421
143370
405516
45069
45074
405524
307221
143397
12327
45095
176169
503849
45107
12341
176183
12344
667713
405570
602178
634949
12367
274511
536657
602198
45144
12377
45151
143457
864354
733283
45160
733288
372850
372851
634997
602230
307319
798842
602242
405636
635015
45192
12426
143507
45205
569503
12448
12456
77999
12469
12483
143556
504005
209103
110803
274645
12504
12508
667868
766172
110820
241892
635110
438512
45306
12539
45307
602367
12546
831747
45316
12550
438535
12556
209170
12563
110870
45341
209191
340263
536872
471344
471346
12595
700726
766269
12610
536903
569697
45410
242019
143717
504165
504171
799084
12663
373114
45436
78211
110985
45450
766345
733581
471440
143761
78227
373142
405911
536984
668069
12710
12713
12719
340399
12721
799156
504245
12731
12732
78268
340412
143812
111045
700870
766410
12756
45528
537048
111074
143844
307686
12775
209390
12785
569843
373240
700927
176646
242185
406025
471562
340494
45584
111121
700945
12823
307736
569888
12835
12838
373286
700968
668202
78379
111150
45617
700977
45621
438839
12857
176702
78400
668236
504396
209491
537172
45657
45659
45671
45672
12905
12909
373373
569986
471688
144010
176779
242316
373391
12947
78487
12965
799399
78506
438957
12974
12978
602803
45752
242360
799418
504511
45760
176832
12998
406217
209610
635597
13008
13012
668378
13019
537308
471774
439012
13033
537321
602861
13038
13042
209651
635636
865017
406273
602895
602903
340763
45853
13086
144158
242462
13093
176934
373543
144171
13103
471858
144190
439104
570177
701258
799569
275283
144223
308064
406372
13157
13163
439147
308077
45935
13169
504690
242549
13177
144259
13188
13197
144269
209810
701330
13204
766867
13220
13223
242600
340903
13231
209841
111538
13235
734135
78777
439225
13244
668608
406467
603082
570314
13265
308179
766939
111587
78822
734190
734191
373744
799729
504818
144371
439285
46070
13305
111611
78847
13312
799746
46084
78852
275461
13320
78858
78859
111631
341007
668693
832538
734241
177187
13349
701482
13365
13369
111674
13378
13387
570443
472143
13393
13397
472158
373858
439396
537700
636006
46186
701549
13422
570479
46196
111738
504958
636031
668799
570494
13442
767109
46218
46223
111760
734352
799889
13470
46238
46239
701601
504995
636072
767154
701625
242877
79039
406721
275655
79049
46282
636105
111825
505046
537814
668888
865497
308447
242914
79100
13569
46342
79116
46349
13582
13584
734480
767253
275743
177444
865577
111914
79149
439600
46388
570679
439609
13629
374078
832836
800070
636235
177490
505170
13654
13656
734555
13676
177523
13686
472440
46459
374144
144771
13700
243078
210316
46480
308633
13728
46502
79271
374184
13737
210346
177585
46520
177595
505277
865727
46528
13767
13768
767434
13771
79307
800205
669138
865746
46549
669153
636393
734715
308733
13822
177663
13827
79363
144899
112135
472589
112150
308759
538136
13860
112166
603694
13872
734770
13879
570938
144955
472635
13887
472639
46660
112197
702020
505415
276041
13901
767566
112210
374364
374365
79454
13922
13930
603755
767600
46706
669309
210566
407175
243337
79498
46733
734864
13973
702111
46754
472742
13991
243368
46765
308912
79544
14010
112330
308945
46813
14050
276201
866026
571125
210679
210682
669437
46848
603905
440068
702218
46862
112399
800526
276245
112408
14107
243485
112416
112417
210731
538417
767797
243514
472890
177981
145215
702272
14152
341833
866123
210764
14159
79696
79702
46936
276313
767833
14171
440169
178028
178029
14201
46969
735097
800638
14208
14217
505751
14235
14236
374683
79781
636839
702375
604075
341933
669613
833454
14256
735153
47027
14260
833463
440266
14294
473049
14298
14300
79838
14303
14309
47078
833513
473066
14315
374767
79856
767988
178167
14329
210937
866301
47105
47110
342030
112654
112655
47124
833556
145431
407575
47135
374820
47146
374827
768065
604225
440388
374858
768075
14412
440397
866379
47183
669776
735319
112729
374875
14431
47199
866401
440423
14440
702569
14446
604273
374900
79989
735351
637050
14463
14464
866432
669826
112777
374922
833674
866443
506003
374937
637085
866472
14509
800946
342207
47302
342218
14540
145621
637150
14561
47330
14563
342242
80104
801001
571626
14592
866562
309511
801036
473364
145685
47388
506140
14622
571679
244001
375073
637224
14633
112938
14635
506155
112941
14638
538927
604471
244026
244028
604486
473415
80200
801096
440650
309583
473427
80214
342360
14683
473436
473441
309607
14698
14701
47470
670068
178550
538998
14714
211328
440706
768390
14736
47516
375201
539042
702892
14769
47539
506291
14774
571835
342472
178646
14814
670176
276963
276967
309744
145909
47608
440827
178685
14850
539139
14853
637445
276997
735755
178717
80414
440868
47654
113192
14893
47664
145976
145978
14907
211516
703034
145982
440897
47685
735814
47690
834127
375378
539221
14934
178777
440925
47710
506466
113251
14952
539241
375402
14954
309867
309873
506483
866938
768638
47744
14977
14978
178817
211586
14983
14984
473735
47754
637579
47757
14994
440980
703130
15007
47779
539300
440997
15014
670373
735917
604847
506544
801483
408269
15068
375516
735969
801506
244453
47846
80624
670449
113398
15098
801537
473862
637706
178962
15128
178968
113435
277279
342820
670502
834342
342826
572206
113458
47923
604980
15157
637749
441155
146251
441167
670558
375648
670560
703330
15211
80747
211820
342896
670579
703347
310133
408441
15231
15241
15242
572304
506771
375706
506780
244640
572329
48045
277421
48047
637877
441271
15291
15298
48069
48072
244684
310224
375760
15320
572387
867301
277481
343020
15341
408558
506863
637934
48122
15362
113686
211993
506908
15393
441380
146474
179247
48189
244799
48196
375877
736332
146512
670800
703568
179288
703580
15457
605290
48235
441459
179323
15486
15489
310401
15496
310408
48268
507025
375956
113813
670872
81051
48284
769181
15521
408745
703666
834738
703671
736439
375994
48320
146626
408776
48336
212180
15576
343258
15579
15584
212192
310499
48356
81124
703718
310508
48368
507123
703731
113910
736506
113924
474376
802056
376075
15630
834834
15643
15647
15649
15650
48417
376101
179495
113964
539950
736560
48435
48438
15677
48449
343365
441673
671056
48465
605523
15709
146791
81259
736627
146805
572790
15737
15739
15740
703872
834946
572804
572809
376203
114065
310680
638360
15772
507292
671135
15777
212387
15780
802214
310702
15796
638390
179639
703926
736694
48572
310717
409025
572865
867790
703956
703957
507355
15836
48607
671199
572897
179699
671225
376314
802301
245251
835078
48656
15893
605719
15898
48667
310811
671268
48677
179756
15917
114220
15920
605745
704050
605748
15932
671293
15943
474696
343628
409164
376397
15951
736862
15977
15978
474731
81518
15992
48760
343672
835194
409214
16001
409227
16015
16016
245393
310934
802454
48792
16027
81567
48801
16035
769703
671405
343728
736954
16069
278213
48842
638666
868045
474834
114392
16091
376545
671457
376552
147177
638701
474862
81653
409345
48900
147210
114453
442135
311064
16156
48925
81694
180002
48941
16174
409397
114488
114490
147263
212807
737103
48979
48987
16223
343906
737128
868211
671607
769917
573313
16258
114579
737174
442263
81816
507802
49052
442276
442278
180138
802730
49071
81843
16315
507835
475074
737235
540631
16349
802789
147430
638950
409584
16371
49140
540674
376837
442378
868365
475154
376860
704541
16414
49188
639013
770084
376878
245806
409649
16437
16440
606266
16454
606278
16457
213071
409681
16466
180319
16484
213098
802930
245877
770165
540793
737418
442510
82072
114849
311463
16553
147639
344252
868543
540867
16582
770246
344264
49356
16592
245970
606419
442581
16600
442587
16606
16608
16619
409837
49399
770300
49406
16641
16642
770306
49414
16650
114966
16664
16668
278813
409898
114987
114988
49455
114993
49459
147763
344371
49463
508222
115011
868679
409928
16715
770385
82258
16724
639318
639319
49507
409958
82282
737644
639353
16768
573827
16782
475538
16789
16792
49568
803234
115107
737710
180657
278961
737714
377281
16838
147910
573894
16841
180684
16845
278989
49621
16860
770524
639468
475629
180721
16884
115193
147962
16893
475646
16896
705025
770562
147975
16904
770568
279051
16916
49686
475676
16928
672289
148003
180771
115246
410162
311859
16953
737852
49739
49740
115291
16987
16990
16992
442983
541289
770668
17005
606833
17020
148092
213629
443014
17044
17046
213659
869019
115358
17061
672421
737964
574129
49843
82612
17084
344776
705224
82635
17103
803535
606938
738011
17118
770789
312042
475886
508657
803569
508665
49916
738045
639749
574214
672530
606995
377622
606998
148249
82734
49967
49973
344896
17217
344898
213835
213838
770910
50017
50019
541540
50021
836453
410476
672621
50032
82802
50042
213887
476031
508803
770961
181142
246679
148377
17306
50074
705434
82846
410530
148397
541619
17338
17346
17351
50124
345037
50131
738265
771036
50143
82912
410598
17386
705516
50161
17396
345086
50177
803842
50181
50185
640013
803854
377872
115729
508947
345123
115748
508968
17450
771114
17452
82988
148535
705597
181310
640064
377921
17474
508998
574536
214092
50258
771159
50272
50273
574560
17508
181351
181361
17525
410742
705655
214138
50299
50311
181384
509064
148615
50322
279701
17558
83094
83095
17563
607392
83112
345256
83118
607414
541880
83130
672960
509121
50371
443589
50373
705741
476369
836819
17626
50400
214243
50405
705769
345325
378094
836856
705788
50429
312573
17676
17682
836883
50453
50454
738588
50462
836894
50479
181551
50481
17721
17730
378183
17738
410963
17748
378196
17755
738656
378212
738662
443751
345450
509292
83310
673138
17780
410998
247165
607613
542081
17796
574853
804230
771463
804233
17812
869783
378264
640409
17819
50588
411035
509341
17824
50594
17827
705955
869801
476595
443828
673205
738741
181689
148922
17852
640447
607680
804290
476612
247243
50638
50643
542163
17885
476646
443879
542186
17902
50670
804339
17912
17919
345600
50698
673290
17934
542224
476691
50708
17943
476695
280089
476697
50717
771615
378400
17953
83494
280107
640558
83504
17972
149045
607798
312887
476730
869960
50763
50771
50772
18005
673365
18009
83547
738909
673373
738915
18021
706150
83560
542317
83572
181877
149115
18046
509569
870017
149125
378506
214667
50833
50835
149140
149144
181917
575139
444079
149173
673464
444091
378559
181957
411334
476871
181960
18127
673494
607959
345834
509675
739052
706285
804587
804604
50949
18182
280329
18191
182042
247580
640797
476956
50978
804648
83754
411435
50988
837433
18234
18242
477006
870225
18266
51037
575330
51052
509808
477045
411509
51065
444285
477055
444288
18315
575372
313239
575384
18339
149413
444335
378803
739262
837568
313282
247747
18382
51152
149471
575464
706545
313330
18420
346104
18428
772093
182271
215039
608258
18450
280597
706582
215069
51230
542759
84008
739368
18475
51245
84014
51247
18482
84023
18492
477251
477261
673874
18516
673878
182364
346213
346218
215151
51315
837749
280695
215167
84100
149648
51348
542868
477343
608415
18606
18616
18620
346301
51391
116938
837842
444632
149722
18654
739551
510183
51442
149749
411894
182520
739576
248061
739583
18689
641285
51478
248087
575767
444699
575777
477474
346408
18729
18730
837929
117036
706863
805167
575809
18759
51530
477519
543062
379229
248162
805224
18793
248173
313718
18826
772494
248206
51605
18841
51611
379296
641441
280999
215466
18860
117170
18874
18879
477640
444877
444888
641496
707032
346591
313831
18920
18923
412140
281071
477685
51705
84487
543243
477708
543250
117269
477725
576030
51743
18977
444962
18980
150054
51755
739888
870961
674359
707133
19013
51790
576089
51802
19038
674401
576097
772707
805479
510568
412270
445038
346740
313982
150145
445071
641695
182958
772785
641718
641732
183003
51932
150242
346853
51947
838383
805618
346872
19203
51972
19211
19225
19226
215837
707371
412460
477999
707380
281401
19258
215867
641854
445251
52048
52059
183132
314211
805733
281459
576371
838515
19320
183161
347009
805762
117639
379783
510859
347021
379791
150422
19361
609189
215977
215978
543660
773043
150462
510931
642004
150491
117723
576482
183267
347111
52203
510958
379890
19449
379897
52221
52222
347136
871425
576517
576534
609311
216097
347170
19491
52260
248876
85040
19515
117826
674882
19532
511055
478289
281695
478304
117857
19554
347234
478303
19561
740458
52337
248948
281721
773247
19588
52360
707720
347276
183438
380052
281749
19624
183467
576684
347312
52401
478387
806067
740535
740541
478405
281801
675023
773330
150739
806105
347357
19691
380143
19705
150784
281857
85251
412938
19725
675086
52499
19733
19734
52506
85275
52508
52509
347422
478496
609569
740641
609579
675125
118075
740672
52547
347460
19787
642379
19789
478558
19810
52584
183656
52586
511339
675185
150914
19847
773512
249230
19866
19868
347551
347556
609700
19880
19882
445879
413117
675262
347586
544197
708045
806350
118227
19928
19940
675314
642547
151033
52732
740862
413183
52742
19976
871946
511505
609821
85534
445983
20005
118311
20008
20025
183876
478789
347719
151114
446027
839248
839251
839256
20060
52830
577119
20068
446062
20081
347765
380545
315012
446085
183949
642706
511637
20125
118429
839330
380583
773801
20156
806592
577217
675521
839361
151236
675527
413386
511699
85721
478938
118494
20191
347875
20201
282345
347882
20206
347898
52995
610054
282375
249609
20237
184078
20239
511758
315150
249624
773914
642845
85802
347947
741171
479033
347967
380740
20295
741193
184139
20300
675666
20309
773973
85853
20323
708454
249703
20328
773991
20336
577394
20340
872310
282487
872314
446332
708478
479107
479108
577414
20362
216979
413592
610208
249761
315299
53158
20403
20406
708535
413625
315323
413635
217033
806859
708568
20447
774119
118762
118763
184301
53231
315375
118768
86003
511989
86009
53249
20483
643075
413701
20486
184328
413707
53279
675872
479272
315436
217134
20533
315451
86079
643153
249939
217172
118869
872538
807010
184420
807025
53363
675957
348279
53370
315530
315537
479385
708763
86178
184484
151720
643241
184498
807090
348342
53438
184512
446658
643269
807111
20686
413909
348381
676064
479470
20723
315655
20748
839949
53519
20752
807184
53530
774426
512286
20772
53547
774450
545076
20789
446774
20795
479547
643391
20801
20804
53574
151878
20810
250187
708943
20817
676178
20826
676193
20844
119152
545156
20871
741768
807310
315799
20892
20897
20900
709030
20908
53681
774580
479671
643513
348604
53699
119235
250309
217546
315854
381390
184786
774612
20949
872916
184800
250337
840161
807396
119277
676340
184825
774670
283155
53785
840217
217628
250397
53791
217640
152112
184880
479795
774716
119359
479811
217667
840260
545351
414289
21079
741975
381529
53853
53857
807524
53871
21106
545404
21123
643715
119431
348808
512648
21130
414348
119438
414352
316050
119447
610967
53923
610987
545461
578231
152249
21178
611004
21185
742085
414432
21218
414448
21236
676605
54016
348939
54033
611095
742170
54043
578332
512810
21292
316206
414530
54083
21316
21321
86861
414543
185177
21342
775014
775016
54127
840559
643961
349052
349062
545677
578445
21392
742294
611224
709530
185250
54182
676776
807850
807855
775093
86983
545737
414667
21457
21463
21464
185314
119779
611301
316390
316392
807912
218098
414709
21499
152572
54267
676865
185346
54289
480273
152595
54308
152617
87082
480298
21550
185392
742454
283707
414779
578619
21566
742460
87116
676940
87119
119891
283731
644181
840787
513122
54373
119911
21611
54380
349291
54384
775282
21624
87167
87170
480386
676998
54409
54416
316562
87188
480404
21657
218273
808100
283815
513194
742570
185520
54450
251059
119990
21690
21691
545984
120002
578755
873667
120008
808138
21708
152786
808148
840920
775386
546011
21724
120029
414940
185572
21733
644332
54511
677104
742648
21754
513274
578814
54529
349445
120071
513294
546068
349466
415003
120094
480553
21809
54579
87353
709946
415039
349504
513343
54602
218443
21836
54610
873811
21845
87381
546133
316761
54618
54620
54624
480609
546149
21870
21872
120178
21877
808310
349561
21889
742785
644484
480651
54672
480662
677273
21915
21924
742820
185766
775591
21928
775590
54704
513457
54707
775604
153020
21949
21951
120255
120257
21954
382400
677314
54727
21960
87500
382413
87509
808409
611806
611812
316903
677352
382455
87545
87547
480765
22014
54782
22020
120328
218633
185868
251405
611854
22031
677398
22040
611867
54817
644642
54824
87594
251437
513590
579130
841277
710207
415299
185927
87630
382544
644688
546384
775765
775766
22109
22115
54885
349810
611956
153206
382584
87689
218766
22173
710305
579235
22182
448166
775846
349867
808621
186032
22194
513716
710329
349883
120515
22212
513731
677573
382664
22222
22229
22234
382686
579307
284403
55033
775932
22273
55043
22276
448281
22301
186141
55082
677685
677687
22331
120635
22333
808764
120646
743239
55115
710486
317275
317283
22374
776041
874345
153455
415602
546679
579451
808835
22404
448399
841634
808868
645032
219056
55226
743357
55235
22472
743370
186318
874450
579551
776159
219107
186340
677861
710630
22506
546794
22509
120813
284655
677875
22517
776187
677886
481283
546820
677898
153614
645142
415772
22571
22572
776247
88125
546878
809023
612419
514121
514124
22607
350290
350295
383070
22624
514145
317538
88180
22646
383095
22648
383094
22658
22659
514179
514181
186502
645256
55436
22672
514196
415910
22699
481451
350381
383147
22703
153776
284847
22720
153793
55499
284881
383211
710897
219380
22773
743684
55560
383242
219405
416013
153887
121120
481570
743715
448818
612658
186677
317749
153920
350528
776529
874835
22874
55644
448868
416129
219528
481675
711052
874895
88465
317842
186773
448919
416153
776601
481696
481703
874948
154056
154058
514507
645591
55775
252385
514550
55802
842236
55805
23039
154114
23053
186896
645655
645657
645662
186911
23078
88616
514601
875083
219728
23121
23122
318036
645726
23138
842341
55915
219763
88692
55925
55926
580215
580214
678534
481927
55945
23183
449183
219813
547494
88743
416426
55980
842412
547504
580273
449207
645817
416444
514750
678593
88770
842440
449225
56017
678610
23251
514772
252631
613083
645856
776928
514788
776932
514795
776939
154351
350963
23290
23291
613128
23312
449299
776979
219926
580375
219929
809754
744222
121635
219941
613158
482090
744238
219951
88881
547637
23355
809788
121662
842562
23363
711496
88911
744299
744303
23411
121716
23415
23416
514938
514942
547714
285577
23437
252815
121744
711568
56215
187298
514980
711598
89013
23483
580549
23502
23507
547821
580596
449527
23547
515069
809992
547857
285718
23575
416792
810006
613403
23580
744482
810021
187430
777255
351280
121906
252981
646199
875578
220220
23616
56397
678989
482382
744531
56404
744532
89176
416857
23647
285800
416873
744554
777322
23667
56450
121989
744587
646289
613522
646291
744593
547994
384166
351403
154798
810161
416949
318647
122041
744636
646336
482502
351431
23754
56529
154833
580828
154847
449760
515297
646368
842981
23793
23797
711926
482552
122111
843008
23809
318721
580867
384263
56589
89366
23838
875806
89379
580901
351528
23850
23857
351537
56633
744762
449852
286025
154954
23889
449873
89429
613726
23907
679272
23916
23917
351606
122233
646524
23933
777597
253313
580994
23940
679303
351629
351630
384402
581012
155034
155039
220575
23975
712106
155051
712111
744880
23987
744883
613814
712125
286145
449987
679369
24010
646603
24017
777681
56791
122327
286168
220636
450015
56802
122342
351719
155114
712171
712172
155118
56819
89596
777733
122376
56847
24084
220694
384535
417306
613928
24110
810543
56886
646714
745020
253501
24131
646724
89673
122441
613961
122444
384588
351825
351828
646741
515670
24152
351838
613989
646762
24172
810607
24177
220785
155252
24183
24184
24188
155266
24204
810642
351892
155285
122520
155288
220844
286383
384688
712372
57025
712388
712391
646859
286414
89810
417492
777949
679650
646883
876259
384745
122605
24304
581361
810739
24313
286458
24315
286460
24320
384772
24325
777993
24333
778002
24340
384792
679707
89888
122658
450340
57126
679724
352046
24368
122674
745270
89912
450363
155457
24388
548679
417610
515921
352083
57174
57175
384859
614235
57181
712539
745310
745312
515939
450406
57192
614248
89979
810877
253823
24448
24452
188300
679821
319375
679826
24473
57243
24477
483234
843685
57255
843688
745388
516013
57262
24502
155574
57272
319429
745415
810953
614346
24523
843722
384975
581584
876496
384978
90068
548833
450533
24551
90087
745451
679918
90095
548852
24565
745460
679935
679940
516109
90128
24595
319510
24600
57368
679965
516126
221216
24610
24611
647210
155691
548907
647217
319538
24627
745524
24634
385088
614465
712779
680011
57426
516179
352351
712799
24676
155749
221295
811119
483441
57460
155767
352375
57468
24701
24706
548999
712842
778383
712848
450709
581787
385185
712869
483503
221364
57525
581816
811195
24765
712901
123078
24775
483527
450764
24782
843984
647383
614615
221408
385248
221414
352489
188664
24825
24826
24830
24838
155910
385288
745742
90385
24852
483606
647452
712993
811298
24875
352555
713004
319791
57649
90419
352570
680251
24895
24899
450885
319815
287052
319822
155984
24918
778585
549212
254309
516454
614765
745838
352624
24949
647546
24960
516494
319890
385427
647571
680338
57754
221595
680350
483745
57762
24997
25001
25002
811434
25007
123312
582063
811447
352704
90562
319940
582089
352714
713161
188877
418258
352726
57823
123359
287200
25062
319976
25070
582132
549370
57850
451070
319999
516608
418313
25098
25109
90647
713243
25127
483885
647730
57908
320058
57923
25158
221768
156235
680533
25174
287318
90716
57950
451168
123489
287336
680555
418412
582254
811631
320118
647804
287360
189057
713347
418441
57995
287377
713362
320155
25248
90784
25252
811685
189095
451250
90803
287426
58051
320194
582350
25297
90834
287453
746205
90854
516839
615143
451311
451316
25337
25338
189178
25342
221954
123654
90893
320280
25372
221981
189216
25379
123687
779047
320299
123694
811822
25392
90930
25403
287554
746316
25421
549719
320355
779107
484198
713576
189288
549738
25451
123756
549739
549745
844658
25461
25463
582520
287612
516995
779144
811914
582543
25491
25498
25500
320418
156584
517037
58291
353203
123839
648127
189377
287694
25557
353237
713688
58329
123871
25569
582625
451560
713715
320504
517120
746498
25605
549893
746506
713740
779279
189457
156698
255003
713756
25635
189476
189483
681010
58422
386117
779334
91214
549969
58452
353368
189529
484442
484456
25705
418922
25707
877674
353398
648310
550010
287867
517244
812160
124033
287873
582785
746625
25739
25745
812177
124051
550035
550046
746655
713899
812205
484532
746689
25802
320717
713944
25817
25825
25828
25836
25842
451830
713989
353546
451850
25869
156948
812308
517402
156966
845094
25896
353583
255287
189756
25922
222532
451910
25931
25935
255311
288081
484689
812370
25947
517474
222565
58736
58737
91504
353650
419189
288118
320894
25985
189825
583052
58773
877973
124311
26011
58785
288162
58787
320932
124323
26026
419244
419257
26044
320957
615870
681410
26051
550344
320970
222671
648660
91606
26071
419291
517598
124390
321002
26093
157168
615921
714225
157176
714239
26116
615940
452107
550414
484896
26145
26154
124458
517678
747066
386619
26182
58951
222790
321098
517706
419409
124500
26198
616023
714329
714343
845416
681577
616044
583277
26226
484981
59000
845441
779909
452230
26249
255629
91791
59025
255637
517783
485022
59049
321203
550588
485056
583370
583372
255701
26326
452310
354013
485087
648930
354019
517861
354022
288486
681703
91882
190187
681714
812792
616185
419588
517894
190222
288528
419600
223000
190237
157470
419614
321328
452409
91963
452412
354111
452417
223048
223057
26452
780122
26480
354163
223092
518003
59255
26489
649081
812921
26494
354179
26500
59269
518021
288656
321425
419728
59286
550808
321437
26528
190383
26544
255919
157617
321460
26549
190390
419765
124857
616378
223180
747471
59345
518097
59356
124898
583650
124905
59370
550891
813036
26605
59391
223244
747535
682002
92179
190486
26652
616482
845865
649264
256049
714808
288824
157754
780349
124997
92235
452690
452693
550998
256089
59482
616544
26721
92265
387185
26742
26743
26745
419963
59521
845954
518278
92297
223370
26769
747671
616605
649373
518311
26795
59567
157871
59569
420016
288950
92347
616637
813248
551111
59592
157896
288974
518355
551125
518359
518360
288997
354537
518377
387311
878833
26871
616696
747778
26886
190734
59663
190736
190737
715024
92435
747793
518426
190754
157988
452901
223530
747818
26925
682286
682287
289074
26932
59707
26943
26946
158023
715088
26966
92509
452965
158056
780651
125303
158075
92542
190847
158081
190851
813451
813454
584079
59792
485788
813472
27049
420265
649647
158128
682416
616886
158142
125380
518596
289225
879051
92622
256467
27096
846301
27104
27107
551397
354792
748013
813551
190961
27122
190965
27133
813569
27148
125455
27152
485903
322076
27166
780833
420390
59965
682560
485962
27212
59982
518737
780885
518743
879193
289376
682595
453221
420458
453230
125553
813683
387700
486008
682621
223871
27277
584333
780952
60060
879262
27295
780959
780962
27306
60081
617142
27319
60092
27328
60096
387784
813773
60115
27348
256723
223960
453345
617188
60136
781033
60140
748273
617203
355065
223994
486142
355073
748291
191241
191246
879377
518932
289567
486177
27428
650027
846636
92976
27441
60214
27448
27455
256831
551744
486207
813890
420677
584520
715596
584527
191314
617301
27482
453467
387957
355195
355201
27523
224136
715663
813969
420754
125843
551831
224157
420765
224164
355236
846759
27560
224175
322481
289713
519090
256947
27573
27575
60344
191415
715709
388036
224203
814038
256997
650215
519154
682996
125943
519161
355322
289789
60422
814101
158744
388122
224283
879644
27677
191524
224293
224294
748589
453678
27697
27701
486454
27706
158780
551997
650303
27712
748608
814145
93256
224335
27735
519256
60511
27744
158820
93287
27752
60521
27754
289900
683123
322689
486535
715913
715915
257165
27790
60562
27807
27810
60581
519335
60588
158899
126138
650427
552125
60608
289985
421061
781509
486599
60620
158932
27861
27862
60631
93398
93397
617687
191717
191723
355573
290040
617721
27906
748803
453892
27914
847116
257301
847126
60696
552217
879904
421156
748836
388403
27959
683322
552252
486719
519495
27977
388428
93523
388441
716122
159068
27999
60769
519521
650607
60785
93554
93555
781683
781693
290184
781710
126354
814486
28060
650655
28064
748964
716211
716213
716215
585154
880070
28107
191948
749003
323026
28121
224730
716249
323044
28140
28145
28146
28147
323059
650738
28158
519682
28165
486920
388619
617995
716306
257565
290339
93747
28214
683589
814673
192083
257623
159325
749150
28257
716390
126583
28286
192137
421518
61080
716441
880281
683677
388769
224930
28332
28342
585408
650946
356039
323289
585435
650979
28395
290541
749297
323314
356086
683768
552702
28415
257793
323329
552712
28425
749323
552726
421655
388887
28441
225049
782106
126749
847645
749343
159527
683816
28459
159536
716592
519986
618290
356148
454451
651062
519990
28482
880456
814924
192342
716630
192347
225116
716642
520039
28527
290683
94078
28545
847755
28561
814994
847764
552854
94112
192416
847776
421795
716719
356277
28601
28609
323522
847812
520141
716749
585681
61401
421858
454627
618466
28649
28650
454637
126961
749557
585723
618500
356357
159750
61447
225293
28690
847900
28705
28708
421936
618552
847930
192572
749631
585794
454725
389192
28746
356426
28751
28754
28765
225377
651376
258165
28796
847996
848003
290951
28808
651399
487559
258193
61590
618647
422045
553119
782498
61604
127143
323751
454827
782508
716976
290995
454835
323773
28864
848068
28880
684242
192725
717015
28893
28894
389343
291043
28900
258275
454893
61687
422136
717049
323837
28936
61711
160018
553237
356633
717093
782631
94506
28984
192824
28991
28997
291154
291155
717144
389467
487774
487775
455011
487784
684393
455022
717166
749939
29044
520565
323961
160126
192896
848259
192900
29064
586121
29067
225675
356752
160145
61846
61848
455069
848285
94623
586144
487843
94631
586156
651692
29107
61876
455092
782778
291264
651712
782784
455109
782791
651721
618953
651723
29136
225747
356821
61911
356823
324058
717276
422369
192995
487907
29157
651755
356863
61963
782869
94744
258585
717343
487968
29226
684590
586296
291386
520772
62021
29254
94790
553542
29257
324171
488016
750166
651869
160351
553570
455273
356973
225905
160372
29307
225928
782989
389777
258721
291495
29355
684717
94906
62141
291517
127683
815811
94917
422600
29386
324303
29392
717528
127712
324320
684769
29417
455403
160493
455419
815868
62205
29440
94977
29445
160528
94993
324369
520980
750363
127772
29471
652066
717608
357161
193326
488238
62263
29496
750391
455482
127812
160595
226133
29532
193373
815969
29538
324451
619365
291689
652142
62320
684916
29557
750458
29582
258961
127897
29601
193445
783272
258985
95148
783277
553906
160691
684982
717752
881601
848837
455638
160734
324586
324587
324590
226289
357361
95220
750583
29691
652293
29705
29706
619529
357391
29727
29729
783394
783399
62510
193583
259127
29753
848963
29769
455756
226381
848976
848977
422994
816211
29780
586841
357466
717913
455780
554084
881764
62567
881769
652397
652412
586877
849022
586889
488586
783500
750743
128157
29859
357539
357544
488619
390318
783540
488630
324792
29882
685242
357575
62665
29904
718040
324828
128223
685287
292077
292083
390388
849141
718072
357632
62736
29974
226582
423194
619807
193832
783658
29996
95533
62764
30000
554297
30012
30013
193852
161089
62788
619854
62800
161109
783713
226670
750963
652668
324990
95624
456072
357777
30101
95638
783769
128416
816551
30128
128432
521653
62905
193980
128450
816580
193996
292301
30162
95701
259541
751065
390619
95716
62951
62957
62962
685558
587275
390668
30229
30243
325158
456237
685622
194105
423481
194107
292418
751178
685643
423500
489039
63056
751188
30296
128604
30301
620131
423527
652903
357996
652909
718447
718454
554618
554626
816770
128645
63112
325259
194188
390807
685725
358056
456366
226995
325301
325307
456387
227021
390867
816852
325340
423647
227040
227041
63202
849640
95981
63222
161526
128761
718586
30464
161536
554758
63240
489236
30485
587541
292644
685864
194345
718632
325421
128818
227126
227128
325432
259907
456524
128848
587602
30549
30553
194394
554847
587616
456547
30567
96103
718701
685935
653168
30581
292727
292733
128908
554892
718732
718735
685968
620436
423833
128931
489383
358335
63434
358350
587728
358353
292823
30680
30688
849898
63468
456691
423925
292857
718850
325638
718855
30730
489484
30735
194576
161810
358420
555030
391193
620574
292896
260135
325673
260141
30768
358451
489524
129077
456755
358463
358471
96330
63563
96338
751708
161887
96366
30831
96368
30841
63609
555132
751751
882828
718989
30865
522393
751771
30876
30877
751774
751772
751773
751782
751785
751787
620718
194742
686264
227529
30925
358609
653523
30933
456922
30939
653534
751846
30954
293098
456938
588018
424179
784632
30970
751866
293116
358659
817411
227598
751894
358679
358680
751896
31002
456986
129314
719147
194861
620848
260405
719158
751932
522559
31054
686414
31057
194899
751956
31061
194910
31071
719200
817505
751972
424295
751977
194923
817516
620910
293233
686456
686464
31115
31119
752017
653715
96661
227734
752022
31133
588211
620981
260539
555454
31167
686526
31169
752070
752073
31179
424397
260563
719315
850399
457184
588256
162284
850415
129520
31224
686584
64001
817667
31236
227847
686601
653835
850445
391701
391703
96796
326177
621102
227893
162368
162371
719434
588370
719447
31321
752224
31333
784999
522857
359021
227949
31343
424568
31367
391817
129676
31373
391823
227990
424600
227994
522920
260777
686777
31419
293563
490172
522940
588475
719552
555715
293581
654053
555749
850663
195307
64252
359168
359173
424713
228109
391953
64278
359191
424743
293676
817967
752435
162622
785222
293705
785235
752470
392041
621422
162675
129915
621438
293766
752526
64404
457621
686998
228252
588701
97187
195492
490411
228270
392118
293832
326608
326621
588765
64481
654313
326636
359404
162800
621562
392188
195582
588799
359426
31750
392207
621584
64535
392215
261145
719896
687129
588832
752678
162857
130092
359472
359479
130104
64577
851013
31814
31821
359501
457805
425053
621677
785518
228465
654452
64631
64636
359549
785544
654473
130187
556174
720024
97433
294042
359580
31904
654500
785572
490662
556206
130223
588976
130227
162996
785589
97488
130257
720081
425169
195808
425190
818406
31978
195823
556274
785650
720129
425219
163078
326920
228619
785677
32021
752921
785703
294186
32046
458037
752950
32057
720185
97595
64834
785731
359749
228678
687432
720223
687459
327016
556393
753005
785774
720240
32116
720247
32120
818551
64901
687493
130446
32146
687511
32156
720294
687534
720306
818610
163253
228789
196028
294336
64961
785858
490956
589261
228815
359890
458195
785890
392682
785902
818672
130546
228875
720402
327188
491033
622109
720424
425520
491057
720433
753203
392758
327224
228927
622146
851543
818778
228955
294493
654942
32351
294496
392801
327265
163434
97902
32369
97911
818826
97932
130704
196241
458385
491155
32405
130719
360107
32430
720558
360118
32447
65228
753356
556757
753365
458456
98020
32499
98035
98038
98042
524026
32523
32527
786195
261911
163608
556834
589603
720689
851768
32574
589638
261959
687943
884552
458584
163680
884581
753514
524140
753518
393080
589691
327557
360325
655248
556945
32661
524181
655256
851867
425885
327587
622500
360357
163752
753577
819112
196525
98233
196540
229323
425935
65491
32725
557022
98271
65505
32738
360417
425957
557030
32751
557039
720882
360441